Accuracy test: 0.482
Accuracy baseline: 0.45199999999999996

Ratio of tags of incorrectly generated inflections minus baseline ratio: 
N: 0.021621621621621623
ACC: 0.04411764705882354
SG: 0.026408450704225428
ADJ: 0.028818443804034588
NEUT: 0.03529411764705881
LGSPEC1: 0.0
DAT: 0.16666666666666669
PL: 0.04432132963988922
NOM: 0.03157894736842104
FEM: 0.02061855670103091
MASC: 0.05217391304347829
V: 0.06451612903225801
FUT: 0.08974358974358976
3: 0.0625
PRS: 0.02985074626865669
1: 0.03703703703703698
ESS: 0.02400000000000002
IMP: 0.05882352941176472
2: 0.05555555555555558
GEN: 0.00833333333333336
ANIM: 0.0625
V.CVB: 0.0
PST: 0.07407407407407407
INS: 0.04878048780487804
V.PTCP: 0.05128205128205132
ACT: 0.04761904761904767
INAN: 0.2142857142857143
PASS: 0.0

