Accuracy test: 0.241
Accuracy baseline: 0.15800000000000003

Ratio of tags of incorrectly generated inflections minus baseline ratio: 
N: 0.04054054054054057
ACC: 0.051470588235294046
SG: 0.10387323943661964
ADJ: 0.16714697406340062
NEUT: 0.14117647058823524
LGSPEC1: 0.032258064516129115
DAT: 0.07291666666666674
PL: 0.06094182825484762
NOM: 0.04210526315789476
FEM: 0.14432989690721654
MASC: 0.28695652173913044
V: 0.05069124423963134
FUT: 0.012820512820512775
3: 0.0
V.CVB: 0.03703703703703709
PST: 0.07407407407407407
PRS: 0.02985074626865669
1: 0.03703703703703698
ESS: 0.128
IMP: 0.0
2: 0.01388888888888884
GEN: 0.18333333333333335
INS: 0.14634146341463417
ANIM: 0.46875
INAN: 0.07142857142857151
V.PTCP: 0.0
ACT: 0.0
PASS: 0.0

