Accuracy test: 0.6910000000000001
Accuracy baseline: 0.6659999999999999

Ratio of tags of incorrectly generated inflections minus baseline ratio: 
V: 0.021276595744680882
1: 0.02006688963210701
SG: 0.07203389830508478
COND: 0.13253012048192772
2: 0.015873015873015872
PL: 0.0179640718562874
IND: 0.01578947368421052
PST: 0.08459214501510576
PRF: 0.022222222222222254
SBJV: 0.06557377049180327
IPFV: 0.08661417322834641
PFV: 0.14285714285714285
3: 0.028571428571428525
IMP: 0.0
POS: 0.0
PRS: 0.005347593582887722
FUT: 0.0
NEG: 0.0
NFIN: 0.14772727272727273
V.PTCP: 0.08333333333333333
FEM: 0.04545454545454547
MASC: 0.18181818181818182

