Accuracy test: 0.718
Accuracy baseline: 0.6659999999999999

Ratio of tags of incorrectly generated inflections minus baseline ratio: 
V: 0.050000000000000044
1: 0.02006688963210701
SG: 0.07838983050847459
COND: 0.10843373493975905
2: 0.06984126984126982
PL: 0.029940119760479056
IND: 0.026315789473684237
PST: 0.09365558912386707
PRF: 0.07777777777777778
SBJV: 0.04508196721311472
IPFV: 0.07086614173228345
PFV: 0.14285714285714285
3: 0.06031746031746027
IMP: 0.04137931034482761
POS: 0.01282051282051283
PRS: 0.0267379679144385
FUT: 0.0
NEG: 0.07462686567164184
NFIN: 0.125
V.PTCP: 0.08333333333333333
FEM: 0.09090909090909091
MASC: 0.13636363636363635

