Accuracy test: 0.46199999999999997
Accuracy baseline: 0.359

Ratio of tags of incorrectly generated inflections minus baseline ratio: 
V: 0.0957446808510638
1: 0.15384615384615385
SG: 0.06779661016949146
COND: 0.1686746987951807
2: 0.11428571428571432
IMP: 0.11724137931034484
NEG: 0.02985074626865669
PL: 0.12574850299401197
IND: 0.10526315789473684
PST: 0.024169184290030232
PRF: 0.09999999999999998
SBJV: 0.06557377049180324
IPFV: 0.007874015748031482
PFV: 0.0714285714285714
FUT: 0.24698795180722888
3: 0.025396825396825418
POS: 0.1923076923076923
PRS: 0.106951871657754
NFIN: 0.034090909090909116
V.PTCP: 0.21666666666666662
MASC: 0.4090909090909091
FEM: 0.18181818181818185

