Accuracy test: 0.589
Accuracy baseline: 0.359

Ratio of tags of incorrectly generated inflections minus baseline ratio: 
V: 0.21702127659574466
1: 0.25752508361204013
SG: 0.20127118644067793
COND: 0.3132530120481927
2: 0.24761904761904763
IMP: 0.13103448275862062
NEG: 0.05970149253731338
PL: 0.24750499001996012
IND: 0.25526315789473686
PST: 0.17220543806646527
PRF: 0.18888888888888888
SBJV: 0.23770491803278682
IPFV: 0.17322834645669294
PFV: 0.02857142857142858
3: 0.1523809523809524
POS: 0.2948717948717948
PRS: 0.17647058823529416
FUT: 0.5481927710843373
NFIN: 0.04545454545454547
V.PTCP: 0.43333333333333335
MASC: 0.6363636363636364
FEM: 0.09090909090909091

